40.00000001 49.99999992
40.00001369 49.99999879
40.00002503 49.99999768
40.00003632 49.99999657
40.00004763 49.99999542
40.00003333 50.00000083
40.00002232 50.00000452
40.00001129 50.00000817
40.00000726 50.00002134
40.00000473 50.00003571
40.00000377 50.00004847
40.00000327 50.00006323
40.00000279 50.00007795
40.00000255 50.00009040
40.00000364 50.00010045
40.00000503 50.00011341
40.00000643 50.00012635
40.00000781 50.00013931
40.00000901 50.00015133
40.00002800 50.00015701
40.00004753 50.00016290
